 100  0.000004  647.012667  523  972
 150  0.000008  1090.182000  896  1593
 200  0.000010  1562.388333  1294  2278
 250  0.000013  2059.215000  1733  2781
 300  0.000017  2583.473667  2183  3648
 350  0.000020  3124.905667  2653  4284
 400  0.000023  3667.210000  3122  5101
 450  0.000027  4244.620667  3624  6098
 500  0.000030  4814.062333  4094  6448
 550  0.000034  5391.861333  4631  7090
 600  0.000037  5978.957000  5110  8195
 650  0.000040  6586.777333  5704  8767
 700  0.000044  7201.565000  6243  9523
 750  0.000048  7803.668000  6795  10449
 800  0.000051  8428.890667  7354  10718
 850  0.000060  9056.752333  7863  12357
 900  0.000059  9691.276333  8409  13022
 950  0.000062  10347.544667  8959  13593
 1000  0.000066  10980.656333  9608  14432
 1050  0.000073  11639.315333  10036  15005
 1100  0.000082  12286.925333  10789  15718
 1150  0.000078  12961.905333  11261  17816
 1200  0.000082  13602.130667  11999  17148
 1250  0.000087  14288.556000  12465  18172
 1300  0.000090  14983.016333  12869  19998
 1350  0.000097  15636.281667  13641  19979
 1400  0.000110  16320.703333  14519  20587
 1450  0.000104  17020.603667  14844  21768
 1500  0.000108  17693.427667  15475  22848
 1550  0.000110  18402.596333  16298  23363
 1600  0.000113  19082.162000  16789  23496
 1650  0.000117  19770.826333  17418  25859
 1700  0.000121  20489.687000  18077  25917
 1750  0.000125  21161.493667  18702  26394
 1800  0.000130  21861.293667  19310  27693
 1850  0.000147  22583.905333  19926  28785
 1900  0.000137  23290.333000  20548  28823
 1950  0.000141  24012.786667  21138  29896
 2000  0.000151  24688.334667  22050  33021
