 100  0.000004  646.953333  519  946
 150  0.000007  1087.323333  916  1645
 200  0.000010  1564.585000  1321  2294
 250  0.000013  2065.754333  1707  2830
 300  0.000017  2583.873000  2195  3649
 350  0.000020  3116.658333  2633  4173
 400  0.000024  3668.477333  3161  4868
 450  0.000026  4231.105667  3624  5686
 500  0.000030  4804.503667  4132  6432
 550  0.000034  5399.419333  4649  7245
 600  0.000037  5986.330667  5212  8066
 650  0.000041  6577.127333  5688  9042
 700  0.000045  7188.231333  6256  10330
 750  0.000048  7815.436333  6742  10132
 800  0.000051  8442.300000  7326  10768
 850  0.000055  9080.693667  7852  11929
 900  0.000059  9710.878667  8448  13338
 950  0.000062  10332.862000  8906  12900
 1000  0.000066  10983.886000  9603  14132
 1050  0.000070  11639.409333  10224  14816
 1100  0.000074  12310.326333  10774  16734
 1150  0.000078  12973.924667  11280  16408
 1200  0.000081  13612.256000  11856  17079
 1250  0.000086  14267.833000  12247  19234
 1300  0.000089  14924.672667  13237  18933
 1350  0.000107  15640.574333  13515  19759
 1400  0.000106  16281.548667  14112  21693
 1450  0.000114  17014.195000  14838  23355
 1500  0.000126  17689.343333  15572  23749
 1550  0.000111  18363.129333  16227  23819
 1600  0.000116  19058.060000  16761  25797
 1650  0.000128  19745.298000  17531  25069
 1700  0.000143  20447.299000  17961  26855
 1750  0.000130  21153.359333  18597  26424
 1800  0.000131  21910.408333  19214  31351
 1850  0.000141  22564.063333  19781  27674
 1900  0.000143  23299.817333  20524  29206
 1950  0.000155  24011.559333  21371  29863
 2000  0.000171  24721.866333  21964  31685
