 100  0.000006  647.740000  523  945
 150  0.000008  1088.236667  896  1516
 200  0.000011  1564.375000  1304  2178
 250  0.000014  2066.043000  1734  2991
 300  0.000017  2582.455000  2152  3874
 350  0.000021  3115.773000  2660  4157
 400  0.000024  3664.987000  3113  5225
 450  0.000028  4242.273667  3597  5660
 500  0.000031  4806.158000  4092  6565
 550  0.000035  5376.993000  4593  7350
 600  0.000038  5996.687333  5168  7942
 650  0.000043  6585.593333  5682  8519
 700  0.000046  7189.741667  6194  9416
 750  0.000050  7807.070667  6821  10079
 800  0.000054  8430.302000  7335  10853
 850  0.000057  9043.969333  7847  11622
 900  0.000061  9711.092667  8483  12675
 950  0.000065  10325.881000  9073  13711
 1000  0.000069  10981.843000  9653  15419
 1050  0.000073  11626.020667  10074  14796
 1100  0.000077  12306.272000  10576  15503
 1150  0.000081  12947.963667  11366  17332
 1200  0.000085  13620.829333  11850  17251
 1250  0.000089  14258.106667  12741  18034
 1300  0.000093  14949.909667  13195  19341
 1350  0.000097  15635.170000  13617  20384
 1400  0.000101  16318.880333  14144  20325
 1450  0.000105  16955.622000  14972  21818
 1500  0.000109  17697.999667  15327  22208
 1550  0.000113  18349.223000  16311  24357
 1600  0.000117  19057.509667  16811  24568
 1650  0.000122  19733.977333  17398  25187
 1700  0.000126  20455.324333  18032  27305
 1750  0.000130  21158.126667  18730  27037
 1800  0.000134  21880.367333  19391  27307
 1850  0.000138  22573.161000  19882  27708
 1900  0.000143  23303.542333  20570  30254
 1950  0.000147  24029.366333  21549  30208
 2000  0.000151  24716.178667  22015  31272
